0.6441421502533586
0.7793511616063327
0.8226212034567008
0.35051818628071363
0.5037607731533904
0.4161238486000509
0.488425197715634
0.8910679373030713
0.47907586151372206
0.5126537063215932
0.5305715773655657
0.3155132928013634
0.36537838372505294
0.726021979038241
0.34483853155852007
0.5236025194733644
0.921432151474344
0.616138791993874
0.4110220010198806
0.039047664477584454
0.03316070964470086
0.3094706479316752
0.0640431614424476
0.44873658308770326
0.15111265939190044
0.7810358436611801
0.9493106909777316
0.38057725695207134
0.183253598527515
0.5829455624461979
0.5221094694937567
0.811631135889008
0.6076423454816813
0.5635883457754804
0.6119199099442063
0.41713708172132524
0.5588054851099241
0.4936264233434656
0.6399559382083655
0.7462231135522477
0.03713325849396276
0.5432921946746492
0.5518410961328474
0.24154850702839425
0.1923767058991731
0.2400437830103026
0.9072262308153881
0.5078137365121358
0.840334621592093
0.8764588744509544
0.8542843257732012
0.7780215799976252
0.9860757299125225
0.3353162066273869
0.9094011769633965
0.2265675843081172
0.14755058205106286
0.9521344985893722
0.5610132093453954
0.6346836219322769
0.7002037869979473
0.3450090191317664
0.7214269151845153
0.9264535369220149
0.2962070038229462
0.10740607639867139
0.9615865493653887
0.26256523321184944
0.651189006424465
0.8816460286611206
0.2811403728110269
0.7041587512101579
0.6368483579153383
0.6091262924777043
0.889787912455891
0.9405752353814638
0.6695913758706022
0.6879050695500118
0.10577344655838783
0.21250720188496974
0.8433459629693053
0.3590879421730142
0.013524629791111575
0.3559954857044708
0.11895976015900322
0.8905290759410053
0.9648167738766867
0.842913813586808
0.15309905566606818
0.029679303819611036
0.35647701357188555
0.8000271439246865
0.026322178106980565
0.7569837302465805
0.3725249872756693
0.25140537822490794
0.21300969747977527
0.5870517918867065
0.5397795643896552
0.24791915514607887
